																	
													Clearing Screen	Calculating View	Drawing Screen	Swapping Buffers	Flushing
1	Clear:	0,00000800	View:	0,00000517	Draw:	0,00008284	SwapBuffers:	0,00507522	End:	0,00000244		1	0,0080	0,0052	0,0828	5,0752	0,0024
2	Clear:	0,00499202	View:	0,00000564	Draw:	0,00000676	SwapBuffers:	0,00024698	End:	0,00000141		2	4,9920	0,0056	0,0068	0,2470	0,0014
3	Clear:	0,01637770	View:	0,00001393	Draw:	0,00000520	SwapBuffers:	0,01272800	End:	0,00000147		3	16,3777	0,0139	0,0052	12,7280	0,0015
4	Clear:	0,00375553	View:	0,00000391	Draw:	0,00000467	SwapBuffers:	0,00632411	End:	0,00000158		4	3,7555	0,0039	0,0047	6,3241	0,0016
5	Clear:	0,01040990	View:	0,00001324	Draw:	0,00000485	SwapBuffers:	0,00024726	End:	0,00000275		5	10,4099	0,0132	0,0049	0,2473	0,0027
6	Clear:	0,01632400	View:	0,00001328	Draw:	0,00000459	SwapBuffers:	0,00023931	End:	0,00000260		6	16,3240	0,0133	0,0046	0,2393	0,0026
7	Clear:	0,01630340	View:	0,00000370	Draw:	0,00001782	SwapBuffers:	0,00025796	End:	0,00000143		7	16,3034	0,0037	0,0178	0,2580	0,0014
8	Clear:	0,01634840	View:	0,00001266	Draw:	0,00000431	SwapBuffers:	0,00032424	End:	0,00000138		8	16,3484	0,0127	0,0043	0,3242	0,0014
9	Clear:	0,01640240	View:	0,00000501	Draw:	0,00000522	SwapBuffers:	0,00022207	End:	0,00001106		9	16,4024	0,0050	0,0052	0,2221	0,0111
10	Clear:	0,01629710	View:	0,00001280	Draw:	0,00000471	SwapBuffers:	0,00039377	End:	0,00000250		10	16,2971	0,0128	0,0047	0,3938	0,0025
11	Clear:	0,01633680	View:	0,00000351	Draw:	0,00001945	SwapBuffers:	0,00029466	End:	0,00000134		11	16,3368	0,0035	0,0194	0,2947	0,0013
12	Clear:	0,01631040	View:	0,00001840	Draw:	0,00000465	SwapBuffers:	0,00028894	End:	0,00000163		12	16,3104	0,0184	0,0046	0,2889	0,0016
13	Clear:	0,01631640	View:	0,00001245	Draw:	0,00000451	SwapBuffers:	0,00030970	End:	0,00000139		13	16,3164	0,0124	0,0045	0,3097	0,0014
14	Clear:	0,01631330	View:	0,00001297	Draw:	0,00000430	SwapBuffers:	0,00030061	End:	0,00000125		14	16,3133	0,0130	0,0043	0,3006	0,0013
15	Clear:	0,01626770	View:	0,00001295	Draw:	0,00000449	SwapBuffers:	0,00029565	End:	0,00000152		15	16,2677	0,0130	0,0045	0,2957	0,0015
16	Clear:	0,01632760	View:	0,00000526	Draw:	0,00000497	SwapBuffers:	0,00028124	End:	0,00000157		16	16,3276	0,0053	0,0050	0,2812	0,0016
17	Clear:	0,01636140	View:	0,00000422	Draw:	0,00000489	SwapBuffers:	0,00036697	End:	0,00000136		17	16,3614	0,0042	0,0049	0,3670	0,0014
18	Clear:	0,01619540	View:	0,00000492	Draw:	0,00001396	SwapBuffers:	0,00034105	End:	0,00000255		18	16,1954	0,0049	0,0140	0,3410	0,0025
19	Clear:	0,01621490	View:	0,00001264	Draw:	0,00000454	SwapBuffers:	0,00028632	End:	0,00000264		19	16,2149	0,0126	0,0045	0,2863	0,0026
20	Clear:	0,01634480	View:	0,00000339	Draw:	0,00001322	SwapBuffers:	0,00033050	End:	0,00001079		20	16,3448	0,0034	0,0132	0,3305	0,0108
21	Clear:	0,01635450	View:	0,00001513	Draw:	0,00000516	SwapBuffers:	0,00032332	End:	0,00000158		21	16,3545	0,0151	0,0052	0,3233	0,0016
22	Clear:	0,01623380	View:	0,00000405	Draw:	0,00000483	SwapBuffers:	0,00032745	End:	0,00000139		22	16,2338	0,0040	0,0048	0,3275	0,0014
23	Clear:	0,01637710	View:	0,00000377	Draw:	0,00001865	SwapBuffers:	0,00030785	End:	0,00000137		23	16,3771	0,0038	0,0186	0,3078	0,0014
24	Clear:	0,01624460	View:	0,00000522	Draw:	0,00001491	SwapBuffers:	0,00033170	End:	0,00000162		24	16,2446	0,0052	0,0149	0,3317	0,0016
25	Clear:	0,01631100	View:	0,00000466	Draw:	0,00000544	SwapBuffers:	0,00026927	End:	0,00000131		25	16,3110	0,0047	0,0054	0,2693	0,0013
26	Clear:	0,01636420	View:	0,00001438	Draw:	0,00000521	SwapBuffers:	0,00049109	End:	0,00000159		26	16,3642	0,0144	0,0052	0,4911	0,0016
27	Clear:	0,01603020	View:	0,00001420	Draw:	0,00000529	SwapBuffers:	0,00021768	End:	0,00000122		27	16,0302	0,0142	0,0053	0,2177	0,0012
28	Clear:	0,01638880	View:	0,00000402	Draw:	0,00000489	SwapBuffers:	0,00039817	End:	0,00000283		28	16,3888	0,0040	0,0049	0,3982	0,0028
29	Clear:	0,01629250	View:	0,00000379	Draw:	0,00001684	SwapBuffers:	0,00030082	End:	0,00000264		29	16,2925	0,0038	0,0168	0,3008	0,0026
30	Clear:	0,01631750	View:	0,00000502	Draw:	0,00001704	SwapBuffers:	0,00032536	End:	0,00001208		30	16,3175	0,0050	0,0170	0,3254	0,0121
31	Clear:	0,01626650	View:	0,00001432	Draw:	0,00000487	SwapBuffers:	0,00032275	End:	0,00000277		31	16,2665	0,0143	0,0049	0,3228	0,0028
32	Clear:	0,01623580	View:	0,00000378	Draw:	0,00001317	SwapBuffers:	0,00023196	End:	0,00000143		32	16,2358	0,0038	0,0132	0,2320	0,0014
33	Clear:	0,01646310	View:	0,00000501	Draw:	0,00001452	SwapBuffers:	0,00022082	End:	0,00000147		33	16,4631	0,0050	0,0145	0,2208	0,0015
34	Clear:	0,01636020	View:	0,00000388	Draw:	0,00000440	SwapBuffers:	0,00022634	End:	0,00000173		34	16,3602	0,0039	0,0044	0,2263	0,0017
35	Clear:	0,01636400	View:	0,00000396	Draw:	0,00001675	SwapBuffers:	0,00026051	End:	0,00000145		35	16,3640	0,0040	0,0168	0,2605	0,0015
36	Clear:	0,01645030	View:	0,00001336	Draw:	0,00000437	SwapBuffers:	0,00031525	End:	0,00000169		36	16,4503	0,0134	0,0044	0,3152	0,0017
37	Clear:	0,01635240	View:	0,00001804	Draw:	0,00000453	SwapBuffers:	0,00031229	End:	0,00001228		37	16,3524	0,0180	0,0045	0,3123	0,0123
38	Clear:	0,01629770	View:	0,00001337	Draw:	0,00000414	SwapBuffers:	0,00022268	End:	0,00000139		38	16,2977	0,0134	0,0041	0,2227	0,0014
39	Clear:	0,01639890	View:	0,00001433	Draw:	0,00000495	SwapBuffers:	0,00029700	End:	0,00000179		39	16,3989	0,0143	0,0049	0,2970	0,0018
40	Clear:	0,01621860	View:	0,00000414	Draw:	0,00000508	SwapBuffers:	0,00038454	End:	0,00001199		40	16,2186	0,0041	0,0051	0,3845	0,0120
41	Clear:	0,01629010	View:	0,00000393	Draw:	0,00000474	SwapBuffers:	0,00033561	End:	0,00000165		41	16,2901	0,0039	0,0047	0,3356	0,0017
42	Clear:	0,01642310	View:	0,00000464	Draw:	0,00000507	SwapBuffers:	0,00034694	End:	0,00001228		42	16,4231	0,0046	0,0051	0,3469	0,0123
43	Clear:	0,01617390	View:	0,00001887	Draw:	0,00000475	SwapBuffers:	0,00027284	End:	0,00000156		43	16,1739	0,0189	0,0048	0,2728	0,0016
44	Clear:	0,01633940	View:	0,00001342	Draw:	0,00000451	SwapBuffers:	0,00024801	End:	0,00001117		44	16,3394	0,0134	0,0045	0,2480	0,0112
45	Clear:	0,01631310	View:	0,00000561	Draw:	0,00001524	SwapBuffers:	0,00035814	End:	0,00000151		45	16,3131	0,0056	0,0152	0,3581	0,0015
46	Clear:	0,01624440	View:	0,00000592	Draw:	0,00000549	SwapBuffers:	0,00037741	End:	0,00000180		46	16,2444	0,0059	0,0055	0,3774	0,0018
47	Clear:	0,01632050	View:	0,00000424	Draw:	0,00001352	SwapBuffers:	0,00032101	End:	0,00000172		47	16,3205	0,0042	0,0135	0,3210	0,0017
48	Clear:	0,01636730	View:	0,00000464	Draw:	0,00000508	SwapBuffers:	0,00033987	End:	0,00000179		48	16,3673	0,0046	0,0051	0,3399	0,0018
49	Clear:	0,01620820	View:	0,00000434	Draw:	0,00000513	SwapBuffers:	0,00029364	End:	0,00000149		49	16,2082	0,0043	0,0051	0,2936	0,0015
50	Clear:	0,01626840	View:	0,00000438	Draw:	0,00001365	SwapBuffers:	0,00022468	End:	0,00000148		50	16,2684	0,0044	0,0137	0,2247	0,0015
51	Clear:	0,01649750	View:	0,00000580	Draw:	0,00000574	SwapBuffers:	0,00028710	End:	0,00000146		51	16,4975	0,0058	0,0057	0,2871	0,0015
52	Clear:	0,01619780	View:	0,00000421	Draw:	0,00000503	SwapBuffers:	0,00036971	End:	0,00000160		52	16,1978	0,0042	0,0050	0,3697	0,0016
53	Clear:	0,01626010	View:	0,00000452	Draw:	0,00001420	SwapBuffers:	0,00027936	End:	0,00000159		53	16,2601	0,0045	0,0142	0,2794	0,0016
54	Clear:	0,01648080	View:	0,00000505	Draw:	0,00001385	SwapBuffers:	0,00035911	End:	0,00000184		54	16,4808	0,0051	0,0138	0,3591	0,0018
55	Clear:	0,01617480	View:	0,00000399	Draw:	0,00001422	SwapBuffers:	0,00030334	End:	0,00000162		55	16,1748	0,0040	0,0142	0,3033	0,0016
56	Clear:	0,01631430	View:	0,00000391	Draw:	0,00001397	SwapBuffers:	0,00027346	End:	0,00000149		56	16,3143	0,0039	0,0140	0,2735	0,0015
57	Clear:	0,01628800	View:	0,00000583	Draw:	0,00001523	SwapBuffers:	0,00031362	End:	0,00001103		57	16,2880	0,0058	0,0152	0,3136	0,0110
58	Clear:	0,01622980	View:	0,00000457	Draw:	0,00000501	SwapBuffers:	0,00032006	End:	0,00000174		58	16,2298	0,0046	0,0050	0,3201	0,0017
59	Clear:	0,01634440	View:	0,00000418	Draw:	0,00001627	SwapBuffers:	0,00029847	End:	0,00001306		59	16,3444	0,0042	0,0163	0,2985	0,0131
60	Clear:	0,01636460	View:	0,00000536	Draw:	0,00001393	SwapBuffers:	0,00023598	End:	0,00000127		60	16,3646	0,0054	0,0139	0,2360	0,0013
61	Clear:	0,01632830	View:	0,00001771	Draw:	0,00000495	SwapBuffers:	0,00031009	End:	0,00001177		61	16,3283	0,0177	0,0049	0,3101	0,0118
62	Clear:	0,01620990	View:	0,00000396	Draw:	0,00001412	SwapBuffers:	0,00024959	End:	0,00001082		62	16,2099	0,0040	0,0141	0,2496	0,0108
63	Clear:	0,01640170	View:	0,00001306	Draw:	0,00000478	SwapBuffers:	0,00028158	End:	0,00001169		63	16,4017	0,0131	0,0048	0,2816	0,0117
64	Clear:	0,01625620	View:	0,00000467	Draw:	0,00000511	SwapBuffers:	0,00034700	End:	0,00000168		64	16,2562	0,0047	0,0051	0,3470	0,0017
65	Clear:	0,01636190	View:	0,00000389	Draw:	0,00000486	SwapBuffers:	0,00028109	End:	0,00000164		65	16,3619	0,0039	0,0049	0,2811	0,0016
66	Clear:	0,01641780	View:	0,00000363	Draw:	0,00001956	SwapBuffers:	0,00031435	End:	0,00000146		66	16,4178	0,0036	0,0196	0,3144	0,0015
67	Clear:	0,01626960	View:	0,00000447	Draw:	0,00001390	SwapBuffers:	0,00030726	End:	0,00001094		67	16,2696	0,0045	0,0139	0,3073	0,0109
68	Clear:	0,01626870	View:	0,00000390	Draw:	0,00001333	SwapBuffers:	0,00026403	End:	0,00000150		68	16,2687	0,0039	0,0133	0,2640	0,0015
69	Clear:	0,01636350	View:	0,00001828	Draw:	0,00000412	SwapBuffers:	0,00025099	End:	0,00000149		69	16,3635	0,0183	0,0041	0,2510	0,0015
70	Clear:	0,01629800	View:	0,00000465	Draw:	0,00000505	SwapBuffers:	0,00033308	End:	0,00000175		70	16,2980	0,0047	0,0051	0,3331	0,0017
71	Clear:	0,01632240	View:	0,00000363	Draw:	0,00000471	SwapBuffers:	0,00032465	End:	0,00000168		71	16,3224	0,0036	0,0047	0,3246	0,0017
72	Clear:	0,01637570	View:	0,00000360	Draw:	0,00001426	SwapBuffers:	0,00027690	End:	0,00000142		72	16,3757	0,0036	0,0143	0,2769	0,0014
73	Clear:	0,01630210	View:	0,00001577	Draw:	0,00000442	SwapBuffers:	0,00030873	End:	0,00001077		73	16,3021	0,0158	0,0044	0,3087	0,0108
74	Clear:	0,01631460	View:	0,00001408	Draw:	0,00000490	SwapBuffers:	0,00027812	End:	0,00000162		74	16,3146	0,0141	0,0049	0,2781	0,0016
75	Clear:	0,01631490	View:	0,00001385	Draw:	0,00000499	SwapBuffers:	0,00028478	End:	0,00000147		75	16,3149	0,0139	0,0050	0,2848	0,0015
76	Clear:	0,01620910	View:	0,00001256	Draw:	0,00000473	SwapBuffers:	0,00033864	End:	0,00000168		76	16,2091	0,0126	0,0047	0,3386	0,0017
77	Clear:	0,01639360	View:	0,00000478	Draw:	0,00001424	SwapBuffers:	0,00032190	End:	0,00000167		77	16,3936	0,0048	0,0142	0,3219	0,0017
78	Clear:	0,01633640	View:	0,00000366	Draw:	0,00000458	SwapBuffers:	0,00033353	End:	0,00000151		78	16,3364	0,0037	0,0046	0,3335	0,0015
79	Clear:	0,01623010	View:	0,00001646	Draw:	0,00000416	SwapBuffers:	0,00025744	End:	0,00001104		79	16,2301	0,0165	0,0042	0,2574	0,0110
80	Clear:	0,01634300	View:	0,00001599	Draw:	0,00000500	SwapBuffers:	0,00038590	End:	0,00000156		80	16,3430	0,0160	0,0050	0,3859	0,0016
81	Clear:	0,01621830	View:	0,00001331	Draw:	0,00000468	SwapBuffers:	0,00030584	End:	0,00000134		81	16,2183	0,0133	0,0047	0,3058	0,0013
82	Clear:	0,01626360	View:	0,00000451	Draw:	0,00000499	SwapBuffers:	0,00023847	End:	0,00000114		82	16,2636	0,0045	0,0050	0,2385	0,0011
83	Clear:	0,01643540	View:	0,00000528	Draw:	0,00001385	SwapBuffers:	0,00035208	End:	0,00000185		83	16,4354	0,0053	0,0138	0,3521	0,0018
84	Clear:	0,01622060	View:	0,00000572	Draw:	0,00000718	SwapBuffers:	0,00034371	End:	0,00000215		84	16,2206	0,0057	0,0072	0,3437	0,0021
85	Clear:	0,01632390	View:	0,00000697	Draw:	0,00001493	SwapBuffers:	0,00034818	End:	0,00000170		85	16,3239	0,0070	0,0149	0,3482	0,0017
86	Clear:	0,01620380	View:	0,00000628	Draw:	0,00001510	SwapBuffers:	0,00037569	End:	0,00000154		86	16,2038	0,0063	0,0151	0,3757	0,0015
87	Clear:	0,01619020	View:	0,00001571	Draw:	0,00000576	SwapBuffers:	0,00023772	End:	0,00000129		87	16,1902	0,0157	0,0058	0,2377	0,0013
88	Clear:	0,01635780	View:	0,00000371	Draw:	0,00000430	SwapBuffers:	0,00035992	End:	0,00000158		88	16,3578	0,0037	0,0043	0,3599	0,0016
89	Clear:	0,01628070	View:	0,00001577	Draw:	0,00001473	SwapBuffers:	0,00029018	End:	0,00000165		89	16,2807	0,0158	0,0147	0,2902	0,0017
90	Clear:	0,01629720	View:	0,00001400	Draw:	0,00000408	SwapBuffers:	0,00027685	End:	0,00000145		90	16,2972	0,0140	0,0041	0,2769	0,0014
91	Clear:	0,01632360	View:	0,00001886	Draw:	0,00000388	SwapBuffers:	0,00028641	End:	0,00000144		91	16,3236	0,0189	0,0039	0,2864	0,0014
92	Clear:	0,01626870	View:	0,00001891	Draw:	0,00001463	SwapBuffers:	0,00024357	End:	0,00000125		92	16,2687	0,0189	0,0146	0,2436	0,0013
93	Clear:	0,01641010	View:	0,00000388	Draw:	0,00000459	SwapBuffers:	0,00027579	End:	0,00000101		93	16,4101	0,0039	0,0046	0,2758	0,0010
94	Clear:	0,01629070	View:	0,00000420	Draw:	0,00000470	SwapBuffers:	0,00032382	End:	0,00001114		94	16,2907	0,0042	0,0047	0,3238	0,0111
95	Clear:	0,01632410	View:	0,00001820	Draw:	0,00001378	SwapBuffers:	0,00044993	End:	0,00000188		95	16,3241	0,0182	0,0138	0,4499	0,0019
96	Clear:	0,01618410	View:	0,00000406	Draw:	0,00001494	SwapBuffers:	0,00033009	End:	0,00000152		96	16,1841	0,0041	0,0149	0,3301	0,0015
97	Clear:	0,01625330	View:	0,00001290	Draw:	0,00000503	SwapBuffers:	0,00027151	End:	0,00000158		97	16,2533	0,0129	0,0050	0,2715	0,0016
98	Clear:	0,01634760	View:	0,00000509	Draw:	0,00001486	SwapBuffers:	0,00021686	End:	0,00000152		98	16,3476	0,0051	0,0149	0,2169	0,0015
99	Clear:	0,01635810	View:	0,00000383	Draw:	0,00000509	SwapBuffers:	0,00036130	End:	0,00000142		99	16,3581	0,0038	0,0051	0,3613	0,0014
100	Clear:	0,01621000	View:	0,00000393	Draw:	0,00000498	SwapBuffers:	0,00031549	End:	0,00000152		100	16,2100	0,0039	0,0050	0,3155	0,0015
101	Clear:	0,01638810	View:	0,00000470	Draw:	0,00001380	SwapBuffers:	0,00034369	End:	0,00001079		101	16,3881	0,0047	0,0138	0,3437	0,0108
102	Clear:	0,01626450	View:	0,00000394	Draw:	0,00001719	SwapBuffers:	0,00036111	End:	0,00000291		102	16,2645	0,0039	0,0172	0,3611	0,0029
103	Clear:	0,01622170	View:	0,00000365	Draw:	0,00000434	SwapBuffers:	0,00035612	End:	0,00000162		103	16,2217	0,0037	0,0043	0,3561	0,0016
104	Clear:	0,01628370	View:	0,00000468	Draw:	0,00000523	SwapBuffers:	0,00024212	End:	0,00001083		104	16,2837	0,0047	0,0052	0,2421	0,0108
105	Clear:	0,01627760	View:	0,00000406	Draw:	0,00000544	SwapBuffers:	0,00026287	End:	0,00000165		105	16,2776	0,0041	0,0054	0,2629	0,0017
106	Clear:	0,01640640	View:	0,00001457	Draw:	0,00000558	SwapBuffers:	0,00037826	End:	0,00000202		106	16,4064	0,0146	0,0056	0,3783	0,0020
107	Clear:	0,01623960	View:	0,00000504	Draw:	0,00001666	SwapBuffers:	0,00036884	End:	0,00001220		107	16,2396	0,0050	0,0167	0,3688	0,0122
108	Clear:	0,01624880	View:	0,00001292	Draw:	0,00000499	SwapBuffers:	0,00022776	End:	0,00000173		108	16,2488	0,0129	0,0050	0,2278	0,0017
109	Clear:	0,01639070	View:	0,00001335	Draw:	0,00000470	SwapBuffers:	0,00026354	End:	0,00000157		109	16,3907	0,0133	0,0047	0,2635	0,0016
110	Clear:	0,01633870	View:	0,00000545	Draw:	0,00001496	SwapBuffers:	0,00033133	End:	0,00001171		110	16,3387	0,0055	0,0150	0,3313	0,0117
111	Clear:	0,01624640	View:	0,00000431	Draw:	0,00001765	SwapBuffers:	0,00026498	End:	0,00000127		111	16,2464	0,0043	0,0176	0,2650	0,0013
112	Clear:	0,01624190	View:	0,00000408	Draw:	0,00000469	SwapBuffers:	0,00038967	End:	0,00000175		112	16,2419	0,0041	0,0047	0,3897	0,0017
113	Clear:	0,01637070	View:	0,00001737	Draw:	0,00000538	SwapBuffers:	0,00036359	End:	0,00000170		113	16,3707	0,0174	0,0054	0,3636	0,0017
114	Clear:	0,01619870	View:	0,00001430	Draw:	0,00000487	SwapBuffers:	0,00022707	End:	0,00001067		114	16,1987	0,0143	0,0049	0,2271	0,0107
115	Clear:	0,01639800	View:	0,00000393	Draw:	0,00001609	SwapBuffers:	0,00029533	End:	0,00000170		115	16,3980	0,0039	0,0161	0,2953	0,0017
116	Clear:	0,01633940	View:	0,00001578	Draw:	0,00000542	SwapBuffers:	0,00031372	End:	0,00000179		116	16,3394	0,0158	0,0054	0,3137	0,0018
117	Clear:	0,01626540	View:	0,00000564	Draw:	0,00000571	SwapBuffers:	0,00027432	End:	0,00000154		117	16,2654	0,0056	0,0057	0,2743	0,0015
118	Clear:	0,01626450	View:	0,00000436	Draw:	0,00000509	SwapBuffers:	0,00029779	End:	0,00000161		118	16,2645	0,0044	0,0051	0,2978	0,0016
119	Clear:	0,01642050	View:	0,00001389	Draw:	0,00000537	SwapBuffers:	0,00033779	End:	0,00000175		119	16,4205	0,0139	0,0054	0,3378	0,0017
120	Clear:	0,01636460	View:	0,00000422	Draw:	0,00000522	SwapBuffers:	0,00040049	End:	0,00000170		120	16,3646	0,0042	0,0052	0,4005	0,0017
121	Clear:	0,01613490	View:	0,00001266	Draw:	0,00000526	SwapBuffers:	0,00024840	End:	0,00000160		121	16,1349	0,0127	0,0053	0,2484	0,0016
122	Clear:	0,01634070	View:	0,00000530	Draw:	0,00001406	SwapBuffers:	0,00030476	End:	0,00000188		122	16,3407	0,0053	0,0141	0,3048	0,0019
123	Clear:	0,01631730	View:	0,00000442	Draw:	0,00001462	SwapBuffers:	0,00020729	End:	0,00000152		123	16,3173	0,0044	0,0146	0,2073	0,0015
124	Clear:	0,01629700	View:	0,00000386	Draw:	0,00000515	SwapBuffers:	0,00023930	End:	0,00000142		124	16,2970	0,0039	0,0052	0,2393	0,0014
125	Clear:	0,01650010	View:	0,00001649	Draw:	0,00000512	SwapBuffers:	0,00039208	End:	0,00000185		125	16,5001	0,0165	0,0051	0,3921	0,0019
126	Clear:	0,01620750	View:	0,00001713	Draw:	0,00000488	SwapBuffers:	0,00031306	End:	0,00000298		126	16,2075	0,0171	0,0049	0,3131	0,0030
127	Clear:	0,01626780	View:	0,00001412	Draw:	0,00000483	SwapBuffers:	0,00029427	End:	0,00000143		127	16,2678	0,0141	0,0048	0,2943	0,0014
128	Clear:	0,01635850	View:	0,00000441	Draw:	0,00001422	SwapBuffers:	0,00033091	End:	0,00001262		128	16,3585	0,0044	0,0142	0,3309	0,0126
129	Clear:	0,01618490	View:	0,00001285	Draw:	0,00000964	SwapBuffers:	0,00024668	End:	0,00000139		129	16,1849	0,0128	0,0096	0,2467	0,0014
130	Clear:	0,01633380	View:	0,00000478	Draw:	0,00000498	SwapBuffers:	0,00031825	End:	0,00000172		130	16,3338	0,0048	0,0050	0,3183	0,0017
131	Clear:	0,01641520	View:	0,00001910	Draw:	0,00000517	SwapBuffers:	0,00033066	End:	0,00000173		131	16,4152	0,0191	0,0052	0,3307	0,0017
132	Clear:	0,01633790	View:	0,00000422	Draw:	0,00000482	SwapBuffers:	0,00039462	End:	0,00000157		132	16,3379	0,0042	0,0048	0,3946	0,0016
133	Clear:	0,01616230	View:	0,00000380	Draw:	0,00001332	SwapBuffers:	0,00028955	End:	0,00001081		133	16,1623	0,0038	0,0133	0,2895	0,0108
134	Clear:	0,01632890	View:	0,00000490	Draw:	0,00001427	SwapBuffers:	0,00031759	End:	0,00001152		134	16,3289	0,0049	0,0143	0,3176	0,0115
135	Clear:	0,01623350	View:	0,00000420	Draw:	0,00001420	SwapBuffers:	0,00037256	End:	0,00000150		135	16,2335	0,0042	0,0142	0,3726	0,0015
136	Clear:	0,01622110	View:	0,00000380	Draw:	0,00000464	SwapBuffers:	0,00028596	End:	0,00000165		136	16,2211	0,0038	0,0046	0,2860	0,0016
137	Clear:	0,01639800	View:	0,00001873	Draw:	0,00001381	SwapBuffers:	0,00039499	End:	0,00000185		137	16,3980	0,0187	0,0138	0,3950	0,0019
138	Clear:	0,01616100	View:	0,00000366	Draw:	0,00000429	SwapBuffers:	0,00035771	End:	0,00000164		138	16,1610	0,0037	0,0043	0,3577	0,0016
139	Clear:	0,01621530	View:	0,00001410	Draw:	0,00000446	SwapBuffers:	0,00032195	End:	0,00000151		139	16,2153	0,0141	0,0045	0,3220	0,0015
140	Clear:	0,01640460	View:	0,00000511	Draw:	0,00001382	SwapBuffers:	0,00036199	End:	0,00000163		140	16,4046	0,0051	0,0138	0,3620	0,0016
141	Clear:	0,01625200	View:	0,00001337	Draw:	0,00000510	SwapBuffers:	0,00024651	End:	0,00000149		141	16,2520	0,0134	0,0051	0,2465	0,0015
142	Clear:	0,01628230	View:	0,00000434	Draw:	0,00000458	SwapBuffers:	0,00030039	End:	0,00000159		142	16,2823	0,0043	0,0046	0,3004	0,0016
143	Clear:	0,01639230	View:	0,00000497	Draw:	0,00001394	SwapBuffers:	0,00039924	End:	0,00000187		143	16,3923	0,0050	0,0139	0,3992	0,0019
144	Clear:	0,01629130	View:	0,00001426	Draw:	0,00000512	SwapBuffers:	0,00027160	End:	0,00000146		144	16,2913	0,0143	0,0051	0,2716	0,0015
145	Clear:	0,01625940	View:	0,00001382	Draw:	0,00000536	SwapBuffers:	0,00022665	End:	0,00000140		145	16,2594	0,0138	0,0054	0,2267	0,0014
146	Clear:	0,01637000	View:	0,00000461	Draw:	0,00001376	SwapBuffers:	0,00219331	End:	0,00000208		146	16,3700	0,0046	0,0138	2,1933	0,0021
147	Clear:	0,01434650	View:	0,00000411	Draw:	0,00000499	SwapBuffers:	0,01032370	End:	0,00000189		147	14,3465	0,0041	0,0050	10,3237	0,0019
148	Clear:	0,00624720	View:	0,00000378	Draw:	0,00000452	SwapBuffers:	0,01864280	End:	0,00000205		148	6,2472	0,0038	0,0045	18,6428	0,0021
149	Clear:	0,01475060	View:	0,00000459	Draw:	0,00001391	SwapBuffers:	0,00994599	End:	0,00000161		149	14,7506	0,0046	0,0139	9,9460	0,0016
150	Clear:	0,00650758	View:	0,00000369	Draw:	0,00000430	SwapBuffers:	0,01853160	End:	0,00000222		150	6,5076	0,0037	0,0043	18,5316	0,0022
151	Clear:	0,01491030	View:	0,00001407	Draw:	0,00000484	SwapBuffers:	0,00975926	End:	0,00000195		151	14,9103	0,0141	0,0048	9,7593	0,0019
152	Clear:	0,00670022	View:	0,00000369	Draw:	0,00000441	SwapBuffers:	0,01818060	End:	0,00000159		152	6,7002	0,0037	0,0044	18,1806	0,0016
153	Clear:	0,01532970	View:	0,00000423	Draw:	0,00000507	SwapBuffers:	0,00949212	End:	0,00000154		153	15,3297	0,0042	0,0051	9,4921	0,0015
154	Clear:	0,00703678	View:	0,00000340	Draw:	0,00000393	SwapBuffers:	0,01782920	End:	0,00000147		154	7,0368	0,0034	0,0039	17,8292	0,0015
155	Clear:	0,01551150	View:	0,00001371	Draw:	0,00000514	SwapBuffers:	0,00954972	End:	0,00000182		155	15,5115	0,0137	0,0051	9,5497	0,0018
156	Clear:	0,00697587	View:	0,00000407	Draw:	0,00000482	SwapBuffers:	0,01809350	End:	0,00001465		156	6,9759	0,0041	0,0048	18,0935	0,0147
157	Clear:	0,01527410	View:	0,00001234	Draw:	0,00000454	SwapBuffers:	0,00971139	End:	0,00001252		157	15,2741	0,0123	0,0045	9,7114	0,0125
158	Clear:	0,00685568	View:	0,00000466	Draw:	0,00001455	SwapBuffers:	0,01820520	End:	0,00001796		158	6,8557	0,0047	0,0145	18,2052	0,0180
159	Clear:	0,01506660	View:	0,00000457	Draw:	0,00000499	SwapBuffers:	0,01014750	End:	0,00000210		159	15,0666	0,0046	0,0050	10,1475	0,0021
160	Clear:	0,00642344	View:	0,00000526	Draw:	0,00000566	SwapBuffers:	0,01874360	End:	0,00000212		160	6,4234	0,0053	0,0057	18,7436	0,0021
161	Clear:	0,01462220	View:	0,00000410	Draw:	0,00000499	SwapBuffers:	0,01040400	End:	0,00000159		161	14,6222	0,0041	0,0050	10,4040	0,0016
162	Clear:	0,00605685	View:	0,00000450	Draw:	0,00000531	SwapBuffers:	0,01926510	End:	0,00000192		162	6,0569	0,0045	0,0053	19,2651	0,0019
163	Clear:	0,01415650	View:	0,00000391	Draw:	0,00000480	SwapBuffers:	0,01092150	End:	0,00001342		163	14,1565	0,0039	0,0048	10,9215	0,0134
164	Clear:	0,00561726	View:	0,00000491	Draw:	0,00000557	SwapBuffers:	0,01964890	End:	0,00000194		164	5,6173	0,0049	0,0056	19,6489	0,0019
165	Clear:	0,01373190	View:	0,00000409	Draw:	0,00000494	SwapBuffers:	0,01163800	End:	0,00000199		165	13,7319	0,0041	0,0049	11,6380	0,0020
166	Clear:	0,00491065	View:	0,00000417	Draw:	0,00000496	SwapBuffers:	0,02030470	End:	0,00000185		166	4,9107	0,0042	0,0050	20,3047	0,0018
167	Clear:	0,01304970	View:	0,00000397	Draw:	0,00000494	SwapBuffers:	0,01247960	End:	0,00000213		167	13,0497	0,0040	0,0049	12,4796	0,0021
168	Clear:	0,00407429	View:	0,00000426	Draw:	0,00000493	SwapBuffers:	0,02136230	End:	0,00000224		168	4,0743	0,0043	0,0049	21,3623	0,0022
169	Clear:	0,01202740	View:	0,00000403	Draw:	0,00000510	SwapBuffers:	0,01322250	End:	0,00000170		169	12,0274	0,0040	0,0051	13,2225	0,0017
170	Clear:	0,00336765	View:	0,00000458	Draw:	0,00000498	SwapBuffers:	0,02199070	End:	0,00000199		170	3,3677	0,0046	0,0050	21,9907	0,0020
171	Clear:	0,01129670	View:	0,00000412	Draw:	0,00000478	SwapBuffers:	0,01416660	End:	0,00000200		171	11,2967	0,0041	0,0048	14,1666	0,0020
172	Clear:	0,00232160	View:	0,00000424	Draw:	0,00000520	SwapBuffers:	0,02330470	End:	0,00000186		172	2,3216	0,0042	0,0052	23,3047	0,0019
173	Clear:	0,01005640	View:	0,00001251	Draw:	0,00000473	SwapBuffers:	0,01549580	End:	0,00000181		173	10,0564	0,0125	0,0047	15,4958	0,0018
174	Clear:	0,00110074	View:	0,00000404	Draw:	0,00000475	SwapBuffers:	0,02464430	End:	0,00000194		174	1,1007	0,0040	0,0047	24,6443	0,0019
175	Clear:	0,00875768	View:	0,00000372	Draw:	0,00000461	SwapBuffers:	0,01686400	End:	0,00000203		175	8,7577	0,0037	0,0046	16,8640	0,0020
176	Clear:	0,01636680	View:	0,00000410	Draw:	0,00000481	SwapBuffers:	0,00932565	End:	0,00000196		176	16,3668	0,0041	0,0048	9,3257	0,0020
177	Clear:	0,00729486	View:	0,00001340	Draw:	0,00000454	SwapBuffers:	0,01833240	End:	0,00000189		177	7,2949	0,0134	0,0045	18,3324	0,0019
178	Clear:	0,01498220	View:	0,00000442	Draw:	0,00000506	SwapBuffers:	0,01073730	End:	0,00000206		178	14,9822	0,0044	0,0051	10,7373	0,0021
179	Clear:	0,00586510	View:	0,00001568	Draw:	0,00000484	SwapBuffers:	0,01984550	End:	0,00001282		179	5,8651	0,0157	0,0048	19,8455	0,0128
180	Clear:	0,01340240	View:	0,00000569	Draw:	0,00001421	SwapBuffers:	0,01208940	End:	0,00000207		180	13,4024	0,0057	0,0142	12,0894	0,0021
181	Clear:	0,00450434	View:	0,00001326	Draw:	0,00000488	SwapBuffers:	0,02101620	End:	0,00001281		181	4,5043	0,0133	0,0049	21,0162	0,0128
182	Clear:	0,01229080	View:	0,00000507	Draw:	0,00000510	SwapBuffers:	0,01326150	End:	0,00000228		182	12,2908	0,0051	0,0051	13,2615	0,0023
183	Clear:	0,00334366	View:	0,00000417	Draw:	0,00001419	SwapBuffers:	0,02229820	End:	0,00000208		183	3,3437	0,0042	0,0142	22,2982	0,0021
184	Clear:	0,01092390	View:	0,00000454	Draw:	0,00000521	SwapBuffers:	0,01469490	End:	0,00001114		184	10,9239	0,0045	0,0052	14,6949	0,0111
185	Clear:	0,00193508	View:	0,00000514	Draw:	0,00000614	SwapBuffers:	0,02358040	End:	0,00000222		185	1,9351	0,0051	0,0061	23,5804	0,0022
186	Clear:	0,00972598	View:	0,00000493	Draw:	0,00000529	SwapBuffers:	0,01619760	End:	0,00000216		186	9,7260	0,0049	0,0053	16,1976	0,0022
187	Clear:	0,00048292	View:	0,00001366	Draw:	0,00000510	SwapBuffers:	0,02493800	End:	0,00000199		187	0,4829	0,0137	0,0051	24,9380	0,0020
188	Clear:	0,00826714	View:	0,00000427	Draw:	0,00000503	SwapBuffers:	0,01728610	End:	0,00000210		188	8,2671	0,0043	0,0050	17,2861	0,0021
189	Clear:	0,01603710	View:	0,00001266	Draw:	0,00000463	SwapBuffers:	0,00964119	End:	0,00000155		189	16,0371	0,0127	0,0046	9,6412	0,0015
190	Clear:	0,00682640	View:	0,00000392	Draw:	0,00000470	SwapBuffers:	0,01876250	End:	0,00000173		190	6,8264	0,0039	0,0047	18,7625	0,0017
191	Clear:	0,01457490	View:	0,00000413	Draw:	0,00000490	SwapBuffers:	0,01124580	End:	0,00000189		191	14,5749	0,0041	0,0049	11,2458	0,0019
192	Clear:	0,00541118	View:	0,00000451	Draw:	0,00000532	SwapBuffers:	0,02032850	End:	0,00000218		192	5,4112	0,0045	0,0053	20,3285	0,0022
193	Clear:	0,01302210	View:	0,00001373	Draw:	0,00000520	SwapBuffers:	0,01264370	End:	0,00000204		193	13,0221	0,0137	0,0052	12,6437	0,0020
194	Clear:	0,00388608	View:	0,00000449	Draw:	0,00001364	SwapBuffers:	0,02182260	End:	0,00000193		194	3,8861	0,0045	0,0136	21,8226	0,0019
195	Clear:	0,01148680	View:	0,00000433	Draw:	0,00000487	SwapBuffers:	0,01429940	End:	0,00000196		195	11,4868	0,0043	0,0049	14,2994	0,0020
196	Clear:	0,00221508	View:	0,00000461	Draw:	0,00000544	SwapBuffers:	0,02325760	End:	0,00000175		196	2,2151	0,0046	0,0054	23,2576	0,0018
197	Clear:	0,01012970	View:	0,00001328	Draw:	0,00000463	SwapBuffers:	0,01569540	End:	0,00000192		197	10,1297	0,0133	0,0046	15,6954	0,0019
198	Clear:	0,00083814	View:	0,00000444	Draw:	0,00000544	SwapBuffers:	0,02525050	End:	0,00000307		198	0,8381	0,0044	0,0054	25,2505	0,0031
199	Clear:	0,00820618	View:	0,00000598	Draw:	0,00000568	SwapBuffers:	0,01783290	End:	0,00000313		199	8,2062	0,0060	0,0057	17,8329	0,0031
200	Clear:	0,01540330	View:	0,00000466	Draw:	0,00000501	SwapBuffers:	0,01057590	End:	0,00000155		200	15,4033	0,0047	0,0050	10,5759	0,0015
201	Clear:	0,00604645	View:	0,00000428	Draw:	0,00001458	SwapBuffers:	0,02046020	End:	0,00000182		201	6,0465	0,0043	0,0146	20,4602	0,0018
202	Clear:	0,01278280	View:	0,00000425	Draw:	0,00000503	SwapBuffers:	0,01364230	End:	0,00000172		202	12,7828	0,0042	0,0050	13,6423	0,0017
203	Clear:	0,00289502	View:	0,00000434	Draw:	0,00000536	SwapBuffers:	0,02357300	End:	0,00000154		203	2,8950	0,0043	0,0054	23,5730	0,0015
204	Clear:	0,00979980	View:	0,00000425	Draw:	0,00000493	SwapBuffers:	0,01689410	End:	0,00000203		204	9,7998	0,0043	0,0049	16,8941	0,0020
205	Clear:	0,01644070	View:	0,00001252	Draw:	0,00000443	SwapBuffers:	0,01020000	End:	0,00000159		205	16,4407	0,0125	0,0044	10,2000	0,0016
206	Clear:	0,00639591	View:	0,00000409	Draw:	0,00000467	SwapBuffers:	0,02043330	End:	0,00001642		206	6,3959	0,0041	0,0047	20,4333	0,0164
207	Clear:	0,01286620	View:	0,00001289	Draw:	0,00000439	SwapBuffers:	0,01385660	End:	0,00000188		207	12,8662	0,0129	0,0044	13,8566	0,0019
208	Clear:	0,00264789	View:	0,00000406	Draw:	0,00000506	SwapBuffers:	0,02422060	End:	0,00000191		208	2,6479	0,0041	0,0051	24,2206	0,0019
209	Clear:	0,00913405	View:	0,00000412	Draw:	0,00001430	SwapBuffers:	0,01774760	End:	0,00001270		209	9,1341	0,0041	0,0143	17,7476	0,0127
210	Clear:	0,01552580	View:	0,00000403	Draw:	0,00000473	SwapBuffers:	0,01131100	End:	0,00000206		210	15,5258	0,0040	0,0047	11,3110	0,0021
211	Clear:	0,00529938	View:	0,00001393	Draw:	0,00000547	SwapBuffers:	0,02192220	End:	0,00000212		211	5,2994	0,0139	0,0055	21,9222	0,0021
212	Clear:	0,01134870	View:	0,00000429	Draw:	0,00000517	SwapBuffers:	0,01571900	End:	0,00000192		212	11,3487	0,0043	0,0052	15,7190	0,0019
213	Clear:	0,00086976	View:	0,00000411	Draw:	0,00000519	SwapBuffers:	0,02613260	End:	0,00000188		213	0,8698	0,0041	0,0052	26,1326	0,0019
214	Clear:	0,00716634	View:	0,00001311	Draw:	0,00000455	SwapBuffers:	0,01966550	End:	0,00000175		214	7,1663	0,0131	0,0046	19,6655	0,0017
215	Clear:	0,01363860	View:	0,00001265	Draw:	0,00000481	SwapBuffers:	0,01365920	End:	0,00000166		215	13,6386	0,0126	0,0048	13,6592	0,0017
216	Clear:	0,00290650	View:	0,00000419	Draw:	0,00000492	SwapBuffers:	0,02421090	End:	0,00000173		216	2,9065	0,0042	0,0049	24,2109	0,0017
217	Clear:	0,00913099	View:	0,00000380	Draw:	0,00000491	SwapBuffers:	0,01789720	End:	0,00000177		217	9,1310	0,0038	0,0049	17,8972	0,0018
218	Clear:	0,01539350	View:	0,00000419	Draw:	0,00000471	SwapBuffers:	0,01176860	End:	0,00001286		218	15,3935	0,0042	0,0047	11,7686	0,0129
219	Clear:	0,00484750	View:	0,00001712	Draw:	0,00000447	SwapBuffers:	0,02230350	End:	0,00000154		219	4,8475	0,0171	0,0045	22,3035	0,0015
220	Clear:	0,01098020	View:	0,00000395	Draw:	0,00000465	SwapBuffers:	0,01664350	End:	0,00000203		220	10,9802	0,0040	0,0046	16,6435	0,0020
221	Clear:	0,00020617	View:	0,00000370	Draw:	0,00000455	SwapBuffers:	0,02719270	End:	0,00001310		221	0,2062	0,0037	0,0046	27,1927	0,0131
222	Clear:	0,00588730	View:	0,00001750	Draw:	0,00000439	SwapBuffers:	0,02223430	End:	0,00001067		222	5,8873	0,0175	0,0044	22,2343	0,0107
223	Clear:	0,01101870	View:	0,00001861	Draw:	0,00000495	SwapBuffers:	0,01656910	End:	0,00000206		223	11,0187	0,0186	0,0050	16,5691	0,0021
224	Clear:	0,00010276	View:	0,00000463	Draw:	0,00000511	SwapBuffers:	0,05582180	End:	0,00000232		224	0,1028	0,0046	0,0051	55,8218	0,0023
225	Clear:	0,01065680	View:	0,00001883	Draw:	0,00000566	SwapBuffers:	0,00032877	End:	0,00000192		225	10,6568	0,0188	0,0057	0,3288	0,0019
226	Clear:	0,01634550	View:	0,00001246	Draw:	0,00000490	SwapBuffers:	0,00053312	End:	0,00000195		226	16,3455	0,0125	0,0049	0,5331	0,0020
227	Clear:	0,01601600	View:	0,00000407	Draw:	0,00000479	SwapBuffers:	0,01170910	End:	0,00001282		227	16,0160	0,0041	0,0048	11,7091	0,0128
228	Clear:	0,00482808	View:	0,00000474	Draw:	0,00000499	SwapBuffers:	0,02304970	End:	0,00000188		228	4,8281	0,0047	0,0050	23,0497	0,0019
229	Clear:	0,01033370	View:	0,00000397	Draw:	0,00001945	SwapBuffers:	0,01739200	End:	0,00001343		229	10,3337	0,0040	0,0194	17,3920	0,0134
230	Clear:	0,01579000	View:	0,00000451	Draw:	0,00000520	SwapBuffers:	0,01209200	End:	0,00000144		230	15,7900	0,0045	0,0052	12,0920	0,0014
231	Clear:	0,00457779	View:	0,00000397	Draw:	0,00000518	SwapBuffers:	0,02321730	End:	0,00000174		231	4,5778	0,0040	0,0052	23,2173	0,0017
232	Clear:	0,01009340	View:	0,00000476	Draw:	0,00001575	SwapBuffers:	0,01781140	End:	0,00000152		232	10,0934	0,0048	0,0158	17,8114	0,0015
233	Clear:	0,01547950	View:	0,00000408	Draw:	0,00001361	SwapBuffers:	0,01226650	End:	0,00000158		233	15,4795	0,0041	0,0136	12,2665	0,0016
234	Clear:	0,00433704	View:	0,00000422	Draw:	0,00000490	SwapBuffers:	0,02366050	End:	0,00000149		234	4,3370	0,0042	0,0049	23,6605	0,0015
235	Clear:	0,00963757	View:	0,00000442	Draw:	0,00001460	SwapBuffers:	0,01811590	End:	0,00000194		235	9,6376	0,0044	0,0146	18,1159	0,0019
236	Clear:	0,01519260	View:	0,00000473	Draw:	0,00000538	SwapBuffers:	0,01224640	End:	0,00000145		236	15,1926	0,0047	0,0054	12,2464	0,0015
237	Clear:	0,00437912	View:	0,00000417	Draw:	0,00000466	SwapBuffers:	0,02232700	End:	0,00000143		237	4,3791	0,0042	0,0047	22,3270	0,0014
238	Clear:	0,01094310	View:	0,00000450	Draw:	0,00000504	SwapBuffers:	0,01518190	End:	0,00000147		238	10,9431	0,0045	0,0050	15,1819	0,0015
239	Clear:	0,00132924	View:	0,00000422	Draw:	0,00000508	SwapBuffers:	0,02424570	End:	0,00000132		239	1,3292	0,0042	0,0051	24,2457	0,0013
240	Clear:	0,00917784	View:	0,00000424	Draw:	0,00000469	SwapBuffers:	0,01642870	End:	0,00001028		240	9,1778	0,0042	0,0047	16,4287	0,0103
241	Clear:	0,00039369	View:	0,00000401	Draw:	0,00000526	SwapBuffers:	0,02475090	End:	0,00000133		241	0,3937	0,0040	0,0053	24,7509	0,0013
242	Clear:	0,00834705	View:	0,00000413	Draw:	0,00000462	SwapBuffers:	0,01690700	End:	0,00000134		242	8,3471	0,0041	0,0046	16,9070	0,0013
243	Clear:	0,01627910	View:	0,00000420	Draw:	0,00001364	SwapBuffers:	0,00892710	End:	0,00000161		243	16,2791	0,0042	0,0136	8,9271	0,0016
244	Clear:	0,00776634	View:	0,00000414	Draw:	0,00000464	SwapBuffers:	0,01736390	End:	0,00000169		244	7,7663	0,0041	0,0046	17,3639	0,0017
245	Clear:	0,01590750	View:	0,00000391	Draw:	0,00000464	SwapBuffers:	0,00891011	End:	0,00000140		245	15,9075	0,0039	0,0046	8,9101	0,0014
246	Clear:	0,00769498	View:	0,00000401	Draw:	0,00000456	SwapBuffers:	0,01680660	End:	0,00000156		246	7,6950	0,0040	0,0046	16,8066	0,0016
247	Clear:	0,01643210	View:	0,00000408	Draw:	0,00001825	SwapBuffers:	0,00782330	End:	0,00000101		247	16,4321	0,0041	0,0182	7,8233	0,0010
248	Clear:	0,00888194	View:	0,00000565	Draw:	0,00000566	SwapBuffers:	0,01512140	End:	0,00000361		248	8,8819	0,0057	0,0057	15,1214	0,0036
	Running	time:	6,48105														
	Avg	FPS:	48,3363														
	Number	of	triangles:	16777216,00000000													
